Average: 71.71206498000001
Max: 519.93481
Min: 0.01120600000000005
