Average: 17.190697219999993
Max: 108.32482999999999
Min: 0.01191999999999993
