Average: 44.23898225333334
Max: 383.4249
Min: 0.010012999999999994
