Average: 129.19301679333333
Max: 1169.0858
Min: 0.012873999999999941
